#Wavelength (nm), Voltage (V), Current (pA)
577	0	0.0509
	1	0.0445
	2	0.0344
	3	0.0191
	3.5	0.0107
	4	0.0045
	4.5	0.0012
	5	0.0007
	4.25	0.0024
	4.75	0.0008
	3.75	0.0076
	3.25	0.0151
	5.5	0.0008		
365	0	0.0802
	2	0.0511
	4	0.017
	6	0.0007
	5	0.005
	4.5	0.0101
	5.5	0.0019
	4.25	0.0135
	4.75	0.0073
	5.25	0.0032
	5.75	0.0011
	6.5	0.0006		
546	0	0.0758
	2	0.0528
	4	0.0106
	5	0.001
	5.5	0.0009
	4.5	0.0036
	3.5	0.0213
	4.75	0.0017
	3.75	0.0159
	4.25	0.0067
	3	0.0322
	3.25	0.0267
	5.25	0.0009	
435	0	0.0915
	2	0.0608
	4	0.0174
	6	0.0008
	5	0.0034
	4.5	0.009
	5.5	0.001
	4.25	0.013
	4.75	0.006
	5.25	0.0018
	3.5	0.028
	3.75	0.0225	
405	0	0.0762
	2	0.0502
	4	0.0156
	6	0.0007
	5	0.0039
	4.5	0.0089
	5.5	0.0013
	4.25	0.0122
	4.75	0.0061
	5.25	0.0023
	3.5	0.0244
	3.75	0.0201
	5.75	0.0009