#Wavelength (nm), Voltage (V), Current (nA)
577	0	21.26
	2	15.23
	4	1.64
	5	0.044
	4.5	0.29
	4.25	0.8
	4.75	0.1
	3.5	4.48
	3.75	2.92
	5.25	0.032
	5.5	0.025
	3.25	6.3
	3	8.23
365	0	38.36
	2	24.44
	4	7.54
	6	0.058
	5	1.96
	5.5	0.55
	4.5	4.34
	4.25	5.9
	4.75	3.03
	5.25	1.12
	5.75	0.22
	6.25	0.015
	6.5	0.01
436	0	46.75
	2	31.94
	4	8.17
	6	0.02
	5	1.11
	3.5	13.97
	4.5	3.76
	5.5	0.09
	3.75	10.99
	4.25	5.84
	4.75	2.27
	5.25	0.41
	5.75	0.02
546	0	34.91
	2	24.81
	4	3.83
	5	0.07
	3	14.56
	3.5	8.74
	4.5	0.98
	5.5	0.026
	5.25	0.035
	4.75	0.32
	4.25	2.22
	3.75	6.21
	3.25	11.62
405	0	36.24
	2	24.49
	4	6.92
	5	1.29
	6	0.02
	5.5	0.21
	4.5	3.53
	3.5	11.135
	3.75	8.99
	4.25	5.165
	4.75	2.25
	5.25	0.61
	5.75	0.04